0.0, 14.595060750553902, 19.347545488538717, 12.01385211775679, 40.12495375993498, 31.47382188790941, 74.17942436524756, 16.776735690208895, 41.95015402540918, 23.789030538640908, 73.64767719109713, 0.0, 15.372201506550168, 42.50871797289262, 32.47798319906114, 0.0, 14.973859934483736, 32.321399990788166, 40.346642972296806, 47.20110425012523, 35.121829742729155, 
0.0, 0.01381022870703591, 
0.0, 15.88374472398878, 84.44856201891342, 85.68849016321748, 5.820492389766014, 46.348405656290396, 0.0, 15.650356642715968, 0.0, 12.307786839120096, 73.19591972491565, 0.0, 17.171123376448115, 
0.0, 13.570258932300268, 91.73683210828611, 
0.0, 17.473705728858818, 0.0, 16.956907730419125, 
0.0, 14.750311094222681, 6.373145020882044, 0.0, 13.530031570086265, 
0.0, 19.57143925909316, 
0.0, 9.626684655001716, 23.646131201080983, 86.62375465577614, 43.87284040579107, 39.17472914670002, 50.36911132849743, 58.63327723860897, 21.89820514814251, 89.63991322147356, 24.85917144407735, 49.192648411804704, 89.65623294624949, 87.91042191243123, 89.01770362105111, 38.66702275700651, 67.27886559214349, 80.73331011813708, 0.0, 12.014598155264583, 34.13015636270032, 88.16649709980204, 36.138360548098525, 75.93960829161418, 42.85923099618511, 0.0, 12.957111430718562, 99.4088602933302, 99.98465077918362, 99.91842915237619, 98.99473488852594, 99.98472984283228, 99.96508223777585, 99.41531346234878, 97.78243194326927, 98.34022285713371, 82.55364327144386, 0.0, 11.760182360232161, 43.684756559056545, 87.35856278707699, 98.33344449196666, 82.06867709563511, 23.38767960919564, 60.959737543961616, 
0.0, 14.795690127941066, 43.92912530580424, 86.33435135513912, 89.48550309457165, 87.79816451592649, 77.83234857309972, 99.47390905599289, 97.76046983826656, 55.11070337325226, 85.31596893858732, 0.0, 14.934358006568438, 50.276868296835566, 86.36023050947182, 94.53917999696226, 69.54110366208768, 82.34209454184317, 32.2324623341619, 
0.0, 17.695358990907476, 86.73047418249206, 19.577761121443483, 89.75853961312116, 85.45047862735436, 73.32277356426137, 69.44340525397368, 85.13130927406303, 59.84740895709714, 24.674101906093217, 90.8653180923003, 86.34619993298418, 92.88388585523906, 56.71322583292267, 59.044657782821446, 88.76889453282931, 78.76538200136791, 90.71456651586459, 92.74051295290057, 58.84962644927025, 51.51133258771005, 98.77414151886133, 95.54261056463804, 92.06196399254735, 84.29281689938148, 35.51473973917558, 85.93076734343676, 60.2991775507163, 85.73646845169883, 86.14166569983726, 0.0, 3.956314102359312, 69.22587630751464, 86.73663427084676, 39.52228104858345, 99.17649153507, 13.680018570585075, 0.0, 15.82071757304304, 15.500708713907024, 0.0, 15.233845567965611, 97.58409061111315, 
0.0, 18.13715308698181, 0.0, 13.332872721943309, 95.16559906319053, 
0.0, 9.89311199102868, 43.842356937829635, 85.82249312916764, 34.78683395974049, 49.69782338989797, 58.6377965598895, 58.732138778898154, 0.0, 17.317093107827457, 85.63495422086143, 44.71142439637403, 39.1473428178695, 20.12553053194604, 
0.0, 16.343911589473304, 51.90393854790115, 
0.0, 16.41842413950011, 89.21398435564753, 73.4971844176809, 83.36725523190891, 92.06747103318902, 86.43771167227, 74.4742495353488, 79.88957180412112, 58.967304419187634, 86.16047419752537, 0.0, 15.988493212839167, 99.99736542706765, 37.2602154855373, 69.18477467621778, 39.25501957970623, 53.286459752759384, 0.0, 3.10422220505148, 66.8103472438235, 86.19999224785916, 97.21302094754736, 56.65534913063635, 0.0, 14.824156598746377, 
0.0, 18.455496506848625, 85.79167435044238, 
0.0, 16.71494521433384, 50.48298958169136, 99.80047557381401, 96.63124320517673, 72.59326159304533, 75.55022270976876, 80.71405169273022, 62.37412158722394, 99.53590737448891, 90.29703326129862, 0.0, 11.727613978973986, 97.97939735093746, 
0.0, 0.04544894356871932, 
0.0, 11.39079132044317, 98.30991269444934, 87.90642685216338, 
0.0, 3.901876372387805E-4, 
0.0, 17.540303821598137, 
0.0, 18.660027559102797, 
0.0, 9.512098615888058E-4, 
0.0, 18.41095777068086, 59.622437017743394, 43.849087765915506, 85.68237082049264, 35.073763087726, 87.47466449621736, 0.0, 19.069956711731024, 
0.0, 12.687136536313924, 55.81660827485677, 17.55142275865598, 87.75357923101895, 54.40439484597619, 99.12443780860228, 84.00849998021411, 88.17199621753643, 59.48030883240256, 19.510524030051084, 86.20106273311833, 58.77656326827864, 84.78977594917811, 77.07492050471998, 92.71350142970991, 22.50515950202164, 88.62660554355111, 25.327488145829445, 84.28788912432161, 35.13108712216585, 55.204944688291015, 97.5562170957256, 88.73390413825429, 0.0, 17.15761852730166, 98.031964562245, 43.33249315096055, 84.71838913857177, 91.05363076613409, 64.02104605670579, 17.228905738121398, 0.0, 17.018196723776185, 19.22109672029529, 24.958486800634667, 0.0, 11.50192368518156, 98.80530992256946, 35.22633592438337, 25.158351693521613, 57.75489443114387, 
0.0, 0.0, 15.049429810784376, 
0.0, 0.0, 16.649578761621797, 
0.0, 9.223581507027054, 
0.0, 17.742980923442175, 72.73679955601588, 45.86092907915206, 10.314595605649545, 0.0, 18.0572880104874, 52.455991493590226, 
0.0, 0.0, 99.98917340732913, 99.995577335418, 99.97513974228232, 99.98899781328775, 99.96387186107357, 99.99724681645253, 99.99666745985076, 99.99794040975725, 99.990785853836, 0.0, 0.7412995078279838, 99.99012750432473, 99.92503768377387, 99.99671138980194, 99.99153206743914, 92.9355642585175, 99.99671138979373, 99.99148813980986, 99.99600903257347, 99.99082978127439, 99.99811613213912, 99.99148813974428, 99.98293015548035, 99.98490494492658, 0.0, 0.0, 99.97108305691673, 99.9967553198845, 99.99144421206583, 99.98424667308562, 99.9993451867793, 99.99934518677108, 99.99679924982773, 93.68087858352338, 99.97310129797728, 99.99802827094805, 99.97046888556834, 0.0, 0.5261816716084363, 99.96902097772261, 99.97095130070056, 99.9966674598098, 99.9605107453008, 99.97963901314677, 99.99925732442318, 99.96248464998297, 99.99473613311439, 99.97935351763577, 99.99991579537385, 99.96445863270544, 99.99934518680388, 99.99732589579901, 
0.0, 13.175677878530019, 0.0, 
0.0, 15.452183468725178, 
0.0, 12.178743325974299, 96.91994337323746, 87.50536745075793, 74.38241657944882, 
0.0, 19.43829880733961, 28.22180099227726, 
0.0, 17.32802602841137, 24.39059020492299, 50.78024556317924, 85.45739259576482, 47.354955887096814, 82.8279757729675, 99.93028037029886, 54.427847276231, 79.79478238104954, 0.0, 15.786185051368873, 48.3411096369806, 99.9971567876965, 99.99837971302371, 43.89361113688746, 0.0, 10.187774319849934, 
0.0, 16.753492843596216, 45.09999547592641, 86.65351327513936, 90.60948898298243, 86.07082323965979, 70.2826074613944, 86.61056711740777, 63.66510481142119, 99.99598404560746, 89.12903932007929, 0.0, 15.329803775088008, 71.17310955546263, 23.391615291324452, 24.081149357533523, 66.47983169539715, 54.476294303627206, 0.0, 0.0, 
0.0, 17.980289749977384, 49.10623764972629, 0.0, 12.42165431929471, 0.0, 20.743639984291924, 
0.0, 14.878835418140444, 99.98281754654153, 99.24797448133745, 
0.0, 19.714012502173777, 50.74439356669969, 24.22855715093591, 61.82347228286747, 0.0, 16.54856907540446, 
0.0, 14.376483037886937, 43.54694922105119, 31.814568173040378, 53.26094883865579, 58.87464700092456, 0.0, 12.719011672199212, 17.311932052305213, 
0.0, 19.7201224774841, 72.5107630569134, 83.01501428473051, 90.15464079435456, 87.44976470582475, 75.12402900919369, 79.83940360601589, 35.225261124014715, 0.0, 15.607778052768486, 86.33843124225916, 43.9257675080221, 97.11158833532829, 20.24906167251446, 0.0, 15.727903955096346, 63.38697927875612, 85.9078254321251, 88.13817242632874, 65.53333773547551, 94.02831005761668, 72.23527085692932, 0.0, 17.652934700100012, 
0.0, 13.553654788587133, 87.64927122536048, 12.302721906413215, 
0.0, 18.268170646242027, 8.484493056393749, 7.28141591390697, 0.0, 21.720783874892653, 89.21186348553964, 95.04615893995656, 17.300139688024903, 0.0, 6.546466138823257, 0.0, 18.964490119309076, 
0.0, 0.02898907261354435, 19.79297509405926, 35.77570196175564, 15.922448295806339, 44.46403883724109, 17.478207804780393, 28.149214012071408, 62.42419121463938, 35.33098818659856, 41.179412995464595, 39.36486108972582, 24.241264987235613, 34.65138334706744, 0.0, 16.03200089040633, 45.13385605399003, 9.197033179671129, 0.0, 15.974671586903886, 0.0, 15.778432190560014, 14.291600915302574, 99.93595023112839, 99.95566174012981, 
0.0, 14.256867493517836, 
